 125 0 0 N    0  0 0 0    0
 126 H 0 K    0  0 0 0    0
 127 H 0 N    0  0 0 0    0
 128 H 0 F    0  0 0 0    0
 129 H 0 Q    0  0 0 0    0
 130 H 0 E    0  0 0 0    0
 131 H 0 L    0  0 0 0    0
 132 H 0 W    0  0 0 0    0
 133 H 0 D    0  0 0 0    0
 134 H 0 K    0  0 0 0    0
 135 H 0 A    0  Q 0 0    1
 136 H 0 V    5  V 0 0    2
 137 H 0 K    9  Q 0 S    3
 138 H 0 L   10  L 0 S    4
 139 H 0 T    7  V 0 S    5
 140 H 0 K    1  Q 0 S    6
 141 H 0 E    0  S 0 0    7
 142 H 0 M    0  G 0 0    8
 143 H 0 K    0  A 0 0    9
 144 H 0 I    0  E 0 0   10
 145 0 0 K    4  V 0 0   11
 146 0 0 L    2  K 0 0   12
 147 0 0 K    0  0 0 0    0
 148 0 0 G    0  0 0 0    0
 149 0 0 Q    0  0 0 0    0
 150 0 0 K    1  K 0 0   13
 151 0 0 L    4  P 0 0   14
 152 0 0 D    2  G 0 0   15
 153 0 0 L    0  A 0 0   16
 154 0 0 R    0  S 0 0   17
 155 0 0 D    0  V 0 S   18
 156 0 0 G    0  K 0 S   19
 157 0 0 E    0  V 0 S   20
 158 H 0 V    0  0 0 0    0
 159 H 0 A    4  S 0 S   21
 160 H 0 I    9  C 0 S   22
 161 H 0 N   10  Q 0 S   23
 162 H 0 K    6  A 0 S   24
 163 H 0 V    2  S 0 S   25
 164 H 0 R    0  G 0 0   26
 165 H 0 E    1  Y 0 0   27
 166 H 0 L    0  R 0 0   28
 167 H 0 F    0  F 0 0   29
 168 0 0 G    1  S 0 0   30
 169 0 0 S    3  H 0 0   31
 170 0 0 D    2  F 0 0   32
 171 H 0 K    2  T 0 0   33
 172 H 0 N    0  V 0 S   34
 173 H 0 V    0  H 0 S   35
 174 H 0 K    0  W 0 S   36
 175 H 0 E    0  V 0 S   37
 176 0 0 L    0  R 0 S   38
 177 H 0 W    0  Q 0 S   39
   0 0 0 0    0  A 0 0   40
   0 0 0 0    0  P 0 0   41
   0 0 0 0    0  G 0 0   42
   0 0 0 0    0  Q 0 0   43
   0 0 0 0    0  R 0 0   44
   0 0 0 0    0  F 0 0   45
 178 H 0 W    3  E 0 S   46
 179 H 0 F    5  W 0 S   47
 180 H 0 R    0  M 0 S   48
   0 0 0 0    0  G 0 S   49
   0 0 0 0    0  W 0 S   50
   0 0 0 0    0  I 0 S   51
   0 0 0 0    0  N 0 0   52
   0 0 0 0    0  P 0 0   53
   0 0 0 0    0  Y 0 0   54
   0 0 0 0    0  N 0 0   55
   0 0 0 0    0  G 0 0   56
   0 0 0 0    0  N 0 0   57
   0 0 0 0    0  K 0 0   58
   0 0 0 0    0  E 0 0   59
   0 0 0 0    0  F 0 0   60
   0 0 0 0    0  S 0 0   61
   0 0 0 0    0  A 0 0   62
   0 0 0 0    0  K 0 0   63
   0 0 0 0    0  F 0 0   64
   0 0 0 0    0  Q 0 0   65
   0 0 0 0    0  D 0 0   66
   0 0 0 0    0  R 0 0   67
   0 0 0 0    0  V 0 S   68
   0 0 0 0    0  T 0 S   69
   0 0 0 0    0  F 0 S   70
   0 0 0 0    0  T 0 S   71
   0 0 0 0    0  A 0 S   72
   0 0 0 0    0  D 0 S   73
   0 0 0 0    0  T 0 0   74
   0 0 0 0    0  S 0 0   75
   0 0 0 0    0  A 0 0   76
   0 0 0 0    0  N 0 0   77
   0 0 0 0    0  T 0 S   78
   0 0 0 0    0  A 0 S   79
 181 H 0 S    2  Y 0 S   80
 182 H 0 L    3  M 0 S   81
 183 H 0 L    1  E 0 S   82
 184 H 0 V    2  L 0 S   83
 185 H 0 K    0  R 0 0   84
 186 H 0 G    0  S 0 0   85
 187 H 0 V    3  L 0 0   86
 188 H 0 Y    0  R 0 0   87
 189 H 0 L    0  S 0 0   88
 190 H 0 I    0  A 0 0   89
 191 H 0 K    2  D 0 0   90
 192 H 0 R    0  T 0 0   91
 193 H 0 Y    1  A 0 S   92
 194 H 0 Y    0  V 0 S   93
 195 0 0 E    0  Y 0 S   94
 196 0 0 G    0  Y 0 S   95
 197 0 0 D    0  C 0 S   96
 198 0 0 I    0  A 0 S   97
   0 0 0 0    0  R 0 S   98
   0 0 0 0    0  V 0 0   99
   0 0 0 0    0  G 0 0  100
   0 0 0 0    0  E 0 0  101
   0 0 0 0    0  W 0 0  102
   0 0 0 0    0  G 0 0  103
   0 0 0 0    0  W 0 0  104
   0 0 0 0    0  D 0 0  105
   0 0 0 0    0  D 0 0  106
   0 0 0 0    0  S 0 0  107
   0 0 0 0    0  P 0 0  108
   0 0 0 0    0  Y 0 0  109
 199 0 0 E    5  D 0 0  110
 200 0 0 L    4  N 0 0  111
 201 0 0 K    0  0 0 0    0
 202 0 0 T    0  0 0 0    0
 203 0 0 T    0  0 0 0    0
 204 0 0 S    0  0 0 0    0
 205 H 0 D    1  Y 0 0  112
 206 H 0 F    2  Y 0 0  113
 207 H 0 A    6  M 0 0  114
 208 H 0 K    2  D 0 0  115
 209 H 0 A    4  V 0 0  116
 210 H 0 V    4  W 0 0  117
 211 0 0 F    0  G 0 0  118
 212 0 0 E    0  K 0 0  119
 213 0 0 D    0  G 0 0  120
   0 0 0 0    0  T 0 S  121
   0 0 0 0    0  T 0 S  122
   0 0 0 0    0  V 0 S  123
   0 0 0 0    0  I 0 S  124
   0 0 0 0    0  V 0 S  125
   0 0 0 0    0  S 0 0  126
